0 0 0 0 0 0 0 0 0 0 0 0 0 0 0 0 0 0 0 0 0 0 0 0 0 0 0 0 0 0 0 0 0 0 0 0 0 4 4 4 4 4 4 4 4 4 4 4 4 4 4
0 0 0 0 0 0 0 0 0 0 0 0 0 0 0 0 0 0 0 0 0 0 0 0 0 0 0 0 0 0 0 0 0 0 0 0 3 1 1 1 1 1 1 1 1 1 1 1 1 1 2 
0 0 0 0 0 0 0 0 0 0 0 0 0 4 4 4 4 4 4 4 4 4 4 4 4 4 4 4 0 0 0 0 0 0 0 0 3 1 1 1 1 1 1 1 1 1 1 1 1 1 2 
0 0 0 0 0 0 0 0 0 0 0 0 3 1 1 1 1 1 1 1 1 1 1 1 1 1 1 1 2 0 0 0 0 0 0 0 3 1 1 1 1 1 1 1 1 1 1 1 1 1 2 
0 4 4 4 4 4 4 0 0 0 0 0 3 1 1 1 1 1 1 1 1 1 1 1 1 1 1 1 2 0 0 0 0 0 0 0 3 1 1 1 1 1 1 1 1 1 1 1 1 1 2 
3 1 1 1 1 1 1 2 0 0 0 0 3 1 1 1 1 1 1 1 1 1 1 1 1 1 1 1 7 4 4 4 4 4 4 4 8 1 1 1 1 1 1 1 1 1 1 1 1 1 2 
3 1 1 1 1 1 1 7 4 4 4 4 8 1 1 1 1 1 1 1 1 1 1 1 1 1 1 1 1 1 1 1 1 1 1 1 1 1 1 1 1 1 1 1 1 1 1 1 1 1 2 
3 1 1 1 1 1 1 1 1 1 1 1 1 1 1 1 1 1 1 1 1 1 1 1 1 1 1 1 1 1 1 1 1 1 1 1 1 1 1 1 1 1 1 1 1 1 1 1 1 1 2 
3 1 1 1 1 1 1 6 5 5 5 5 9 1 1 1 1 1 1 1 1 1 1 1 1 1 1 1 6 5 5 5 5 5 5 5 9 1 1 1 1 1 1 1 1 1 1 1 1 1 2      
3 1 1 1 1 1 1 2 0 0 0 0 3 1 1 1 1 1 1 1 1 1 1 1 1 1 1 1 2 0 0 0 0 0 0 0 3 1 1 1 1 1 1 1 1 1 1 1 1 1 2 
0 5 5 5 5 5 5 0 0 0 0 0 3 1 1 1 1 1 1 1 1 1 1 1 1 1 1 1 2 0 0 0 0 0 0 0 3 1 1 1 1 1 1 1 1 1 1 1 1 1 2 
0 0 0 0 0 0 0 0 0 0 0 0 3 1 1 1 1 1 1 1 1 1 1 1 1 1 1 1 2 0 0 0 0 0 0 0 3 1 1 1 1 1 1 1 1 1 1 1 1 1 2 
0 0 0 0 0 0 0 0 0 0 0 0 3 1 1 1 1 1 1 1 1 1 1 1 1 1 1 1 2 0 0 0 0 0 0 0 3 1 1 1 1 1 1 1 1 1 1 1 1 1 2 
0 0 0 0 0 0 0 0 0 0 0 0 3 1 1 1 1 1 1 1 1 1 1 1 1 1 1 1 2 0 0 0 0 0 0 0 3 1 1 1 1 1 1 1 1 1 1 1 1 1 2 
0 0 0 0 0 0 0 0 0 0 0 0 0 5 5 5 5 9 1 6 5 5 5 5 5 5 5 5 0 0 0 0 0 0 0 0 0 5 5 5 5 9 1 1 6 5 5 5 5 5 2
0 0 0 0 0 0 0 0 0 0 0 0 0 0 0 0 0 3 1 2 0 0 0 0 0 0 0 0 0 0 4 4 4 4 4 4 4 4 0 0 0 3 1 1 2 0 0 0 0 0 0
0 0 0 0 0 0 0 0 0 0 0 0 0 0 0 0 0 3 1 2 0 0 0 0 0 0 0 0 0 3 1 1 1 1 1 1 1 1 2 0 0 3 1 1 2 0 0 0 0 0 0
0 0 0 0 0 0 0 0 0 0 0 0 0 0 0 0 0 3 1 2 0 0 0 0 0 0 0 0 0 3 1 1 1 1 1 1 1 1 2 0 0 3 1 1 2 0 0 0 0 0 0
0 0 0 0 0 0 0 0 0 0 0 0 0 0 0 0 0 3 1 7 4 4 4 4 4 4 4 4 4 8 1 1 1 1 1 1 1 1 2 0 0 3 1 1 2 0 0 0 0 0 0
0 0 0 0 0 0 0 0 0 0 0 0 0 0 0 0 0 3 1 1 1 1 1 1 1 1 1 1 1 1 1 1 1 1 1 1 1 1 2 0 0 3 1 1 2 0 0 0 0 0 0
0 0 0 0 0 0 0 0 0 0 0 0 0 0 0 0 0 3 1 1 1 1 1 1 1 1 1 1 1 1 1 1 1 1 1 1 1 1 2 0 0 3 1 1 2 0 0 0 0 0 0
0 0 0 0 0 0 0 0 0 0 0 0 0 0 0 0 0 0 5 5 5 5 5 5 5 5 5 5 5 9 1 1 1 1 1 1 1 1 2 0 0 3 1 1 2 0 0 0 0 0 0
0 0 0 0 0 0 0 0 0 0 0 0 0 0 0 0 0 0 0 0 0 0 0 0 0 0 0 0 0 3 1 1 1 1 1 1 1 1 2 0 0 3 1 1 2 0 0 0 0 0 0
0 0 0 0 0 0 0 0 0 0 0 0 0 0 0 0 0 0 0 0 0 0 0 0 0 0 0 0 0 3 1 1 1 1 1 1 1 1 2 0 0 3 1 1 2 0 0 0 0 0 0
0 0 0 0 0 0 0 0 0 0 0 0 0 0 0 0 0 0 0 0 0 0 0 0 0 0 0 0 0 3 1 1 1 1 1 1 1 1 2 0 0 3 1 1 2 0 0 0 0 0 0
0 0 0 0 0 0 0 0 0 0 0 0 0 0 0 0 0 0 0 0 0 0 0 0 0 0 0 0 0 0 5 5 5 5 5 5 5 5 0 0 0 0 5 5 0 0 0 0 0 0 0

